30016523
30010299
30016550
30010333
30010432
30016521
30016640
30016895
30008169
30010290
30010300
30010308
30010428
30016183
30016359
30016360
30016366
30016370
30016371
30016373
30016504
30016541
30016543
30016544
30016545
30016553
30016691
30016712
30016714
30016715
30016764
30016894
30017013
30017014
30017056
30017057
30015512
30015513
30016323
30016519
30016522
30016895
30017060
30017077
80007419
30010291
30016374
30016438
30016716
30017058
30017059
30017061
30017064
30017098
30017099
30017116
80005109
80007400
80007407
80007411
80007412
80007418
80007420
80007421
80007423
80007425
80007426
80007427
80007428
80007432
80007434
80007437
80007438
80007439
80007440
80007442
80007447
80007483
80007484
80007798
80009819
80005076
30007508
80007189
80007192
30010540
80007198
80007259
80007187
30010541
80007190
80005063
30007504
30010542
80007193
30010341
30016703
80007251
80007195
30007530
80005026
30005180
30005563
80008269
80008268
80008276
30017011
80008277
80008278
30017010
30016862
80009603
80001286
80005016
30003658
80006876
30016589
80001241
30005377
80009811
80000180
80000181
80000176
80000183
80000179
80000182
30006679
30016444
80007507
30006680
80001229
80001277
80007897
80001236
30003743
30016726
30003934
30003869
30005965
30004082
30003858
30003859
30011786
80008275
30016565
80008253
30016287
80008254
30004494
30016395
80001205
80001207
30004483
30004482
80007895
30005982
30005982
80007502
30016574
80007906
80001299
80001299
80001300
80001300
80001263
80001263
30001635
30001635
80007914
80007914
80007915
80007915
80007281
80001276
80001223
80007918
80007918
30016579
30016610
80006573
80006573
80001278
80000178
80007993
80007996
80001279